Problem tsp_150_1
Length: 28663.6
Vector_Things: 93 78 42 48 100 53 139 140 144 96 18 90 12 127 58 30 3 61 92 98 112 28 35 26 23 110 8 84 14 123 80 37 146 95 148 51 133 65 91 89 85 106 33 119 15 22 97 34 1 134 136 74 109 10 101 94 86 73 129 7 108 44 39 47 120 103 77 117 52 60 88 145 115 24 122 56 36 31 104 45 25 20 2 126 79 111 71 27 70 107 0 87 19 50 6 40 113 9 59 64 41 83 81 131 69 11 125 49 99 5 143 147 142 124 118 38 76 68 138 114 128 62 13 57 72 66 29 141 32 135 132 102 17 55 121 137 75 54 16 82 116 46 105 4 63 130 67 43 21 149 

Length: 27058.2
Vector_Things: 7 129 73 86 94 101 10 109 74 136 134 1 34 97 22 15 119 33 106 85 89 91 65 133 51 148 95 146 37 121 137 80 123 14 84 8 110 23 26 35 28 112 98 92 18 96 144 90 12 61 3 30 58 127 93 149 21 78 139 140 53 100 48 42 43 67 130 4 105 13 62 57 116 46 63 82 16 54 75 55 17 102 29 66 72 141 32 132 135 5 99 49 125 11 69 131 81 83 41 64 59 9 142 147 143 138 114 128 76 68 38 118 124 40 6 50 19 87 0 107 70 27 71 111 79 126 2 20 113 25 45 104 31 36 56 103 120 88 122 24 145 115 60 77 117 52 47 39 44 108


Problem tsp_70_1
Length: 713.028
Vector_Things: 34 47 63 0 35 57 50 11 1 22 14 17 39 44 16 24 46 55 68 67 20 15 29 28 45 31 12 18 26 25 43 4 3 59 9 10 61 32 64 54 48 8 7 51 5 40 6 52 38 36 41 66 37 42 62 13 19 60 53 58 49 21 27 30 56 23 2 65 33 69 

Length: 702.89
Vector_Things: 53 36 41 66 37 42 60 19 13 62 48 54 64 8 32 61 10 9 59 3 25 4 43 7 51 55 68 46 24 67 26 18 12 31 45 28 29 20 15 16 44 39 14 22 1 11 50 57 35 0 63 47 65 34 69 33 2 23 56 27 30 17 40 5 6 52 38 21 49 58


Problem tsp_99_1
Length: 1265.64
Vector_Things: 8 9 10 11 12 13 22 21 20 19 30 31 29 28 27 26 34 35 36 37 38 39 40 49 48 47 46 45 44 43 42 41 33 32 23 24 25 18 17 16 15 14 6 7 5 95 96 87 97 88 89 90 91 92 83 82 81 80 79 78 86 77 68 59 50 51 52 53 54 55 56 57 58 67 66 65 64 63 62 61 60 69 70 71 72 73 74 75 76 84 85 93 94 4 3 2 1 0 98

Length: 1245.3
Vector_Things: 6 14 15 16 25 24 23 32 33 41 42 43 44 45 46 47 48 49 40 39 38 37 36 35 34 26 27 28 29 30 31 22 21 20 19 18 17 9 8 98 0 1 2 3 10 11 12 13 4 94 93 85 84 76 66 67 58 57 56 55 54 53 52 51 50 59 60 61 62 63 64 65 74 75 73 72 71 70 69 68 77 86 78 79 80 81 82 83 92 91 90 89 88 97 87 96 95 5 7


Problem tsp_100_1
Length: 23294.4
Vector_Things: 93 13 89 3 51 31 44 62 25 82 86 54 45 27 1 97 49 90 20 63 52 92 95 78 79 88 34 17 30 74 0 36 6 58 56 83 32 4 61 69 76 35 84 11 9 94 81 60 64 66 8 23 70 21 85 48 87 73 67 33 59 39 68 2 28 37 65 43 71 19 15 75 14 53 46 5 29 80 38 91 57 41 24 98 551 57 41 24 98 55 12 50 77 42 96 40 47 72 26 10 7 16 18 22 99

Length: 21571.6
Vector_Things: 17 30 74 36 0 10 7 16 77 42 96 50 12 55 98 39 24 41 57 91 38 80 29 5 46 68 53 14 75 15 19 71 43 65 37 2 28 67 73 87 48 85 33 59 21 70 23 8 66 64 60 81 94 40 47 72 26 9 11 84 35 76 61 69 6 58 56 4 32 83 78 95 92 52 63 20 90 49 97 79 88 45 27 1 54
79 88 45 27 1 54 86 82 25 62 44 31 93 51 3 89 13 18 22 99 34