Problem 1
Length: 9.88635
Vector_Things: 1 2 0 4 5 3 6

Length: 9.88635
Vector_Things: 1 2 0 4 5 3 6


Problem 2
Length: 462.71
Vector_Things: 38 15 14 44 16 18 19 7 40 11 42 29 21 43 39 31 25 20 37 30 12 36 41 24 34 23 35 13 4 8 46 3 45 9 10 28 27 6 26 1 22 33 47 2 5 0 32 48 17 49 50

Length: 438.761
Vector_Things: 46 8 4 13 35 23 30 12 36 6 26 1 31 25 20 37 21 43 29 42 11 40 7 19 18 16 44 14 15 38 50 39 49 17 32 48 22 33 0 5 2 47 28 10 9 45 3 27 41 34 24


Problem 3
Length: 713.028
Vector_Things: 34 47 63 0 35 57 50 11 1 22 14 17 39 44 16 24 46 55 68 67 20 15 29 28 45 31 12 18 26 25 43 4 3 59 9 10 61 32 64 54 48 8 7 51 5 40 6 52 38 36 41 66 37 42 62 13 19 60 53 58 49 21 27 30 56 23 2 65 33 69

Length: 679.074
Vector_Things: 48 54 64 8 32 61 10 9 59 3 25 4 43 51 7 5 40 17 39 44 16 24 46 55 68 67 26 18 12 31 20 45 28 29 15 14 22 1 11 50 57 35 0 63 47 34 69 33 65 2 23 56 30 27 21 49 58 53 41 36 38 52 6 66 37 42 60 19 13 62


Problem 4
Length: 587.529
Vector_Things: 26 27 48 20 51 14 44 72 45 56 15 50 18 52 57 31 21 32 30 73 74 8 9 42 66 67 39 35 58 22 65 23 59 25 3 4 2 17 60 24 38 34 70 53 43 29 36 37 41 6 64 13 7 71 28 63 54 12 5 40 10 61 55 16 62 11 69 1 49 0 46 68 33 19 47 75

Length: 562.114
Vector_Things: 18 50 15 56 72 44 14 48 51 20 27 26 75 19 47 68 16 62 11 55 61 10 60 17 2 25 3 4 38 34 70 24 53 40 5 69 46 0 33 49 1 54 12 43 29 41 36 37 63 28 71 7 45 13 64 6 67 39 35 65 23 59 22 58 9 8 73 30 32 21 31 57 74 42 66 52


Problem 5
Length: 121231
Vector_Things: 0 1 2 21 20 19 18 22 23 24 25 34 33 32 31 30 29 28 26 27 17 16 15 14 13 12 11 10 9 8 7 6 5 3 4 65 64 63 61 62 58 59 60 38 37 36 39 40 41 43 44 45 35 51 50 52 53 55 54 48 49 46 47 42 57 56 68 67 66 69 70 71 72 73 74 75

Length: 108552
Vector_Things: 36 39 40 41 42 43 44 45 46 47 48 49 50 51 35 52 53 54 55 74 73 75 0 1 71 72 69 70 65 66 68 56 57 67 63 64 4 3 15 14 13 16 17 18 19 20 21 2 22 23 24 25 34 33 32 26 27 12 10 11 28 31 29 30 8 9 5 6 7 61 62 58 59 60 38 37


Problem 6
Length: 1265.64
Vector_Things: 8 9 10 11 12 13 22 21 20 19 30 31 29 28 27 26 34 35 36 37 38 39 40 49 48 47 46 45 44 43 42 41 33 32 23 24 25 18 17 16 15 14 6 7 5 95 96 87 97 88 89 90 91 92 83 82 81 80 79 78 86 77 68 59 50 51 52 53 54 55 56 57 58 67 66 65 64 63 62 61 60 69 70 71 72 73 74 75 76 84 85 93 94 4 3 2 1 0 98

Length: 1265.64
Vector_Things: 8 9 10 11 12 13 22 21 20 19 30 31 29 28 27 26 34 35 36 37 38 39 40 49 48 47 46 45 44 43 42 41 33 32 23 24 25 18 17 16 15 14 6 7 5 95 96 87 97 88 89 90 91 92 83 82 81 80 79 78 86 77 68 59 50 51 52 53 54 55 56 57 58 67 66 65 64 63 62 61 60 69 70 71 72 73 74 75 76 84 85 93 94 4 3 2 1 0 98


Problem 7
Length: 23294.4
Vector_Things: 93 13 89 3 51 31 44 62 25 82 86 54 45 27 1 97 49 90 20 63 52 92 95 78 79 88 34 17 30 74 0 36 6 58 56 83 32 4 61 69 76 35 84 11 9 94 81 60 64 66 8 23 70 21 85 48 87 73 67 33 59 39 68 2 28 37 65 43 71 19 15 75 14 53 46 5 29 80 38 91 57 41 24 98 55 12 50 77 42 96 40 47 72 26 10 7 16 18 22 99

Length: 21466.2
Vector_Things: 73 67 28 2 37 65 43 71 19 15 75 14 53 68 46 5 29 80 38 91 57 41 24 39 98 55 12 50 96 42 77 16 7 10 0 36 74 30 18 13 89 3 51 93 99 22 17 34 31 44 62 25 82 86 54 1 27 45 88 79 97 49 90 20 63 52 92 95 78 83 32 4 56 58 6 69 61 76 35 84 11 9 26 72 47 40 94 81 60 64 66 8 23 70 21 59 33 85 48 87


Problem 8
Length: 24538.8
Vector_Things: 4 71 72 37 3 21 86 14 96 30 28 24 18 75 49 5 11 54 16 89 88 19 2 22 34 42 60 52 77 40 46 25 48 57 78 8 81 47 61 50 44 59 17 35 98 79 29 69 87 70 39 95 74 58 20 76 10 84 43 23 9 6 83 56 33 7 1 92 38 36 15 53 32 55 82 64 0 31 13 63 91 51 65 67 94 66 27 62 12 97 80 90 85 41 93 68 45 73 26 99

Length: 22437.3
Vector_Things: 49 75 18 11 54 16 89 88 19 2 22 34 42 60 52 77 40 46 48 57 78 25 8 81 47 44 50 39 70 59 17 35 98 79 24 29 69 87 95 74 58 61 20 76 10 84 43 6 83 56 33 7 3 1 92 38 36 9 23 15 53 32 55 64 82 13 63 91 31 0 97 80 12 62 27 51 65 94 85 66 90 93 68 41 45 67 73 26 99 4 71 72 37 21 86 14 96 28 30 5


Problem 9
Length: 22773.7
Vector_Things: 40 72 84 51 17 79 26 29 55 3 24 71 57 39 7 83 74 66 91 4 69 13 16 96 80 14 62 28 64 76 34 50 2 89 61 42 98 67 95 78 86 10 73 81 75 56 31 27 58 65 0 12 93 15 97 33 60 1 36 45 46 30 94 82 49 23 6 85 59 41 68 48 63 53 9 18 52 22 8 90 38 70 19 25 43 44 35 54 92 5 87 77 37 47 88 20 21 32 11 99

Length: 21021
Vector_Things: 93 15 97 33 60 1 36 45 46 30 94 82 49 59 41 68 48 63 85 6 23 18 52 22 8 90 38 79 17 51 84 72 70 19 25 40 43 44 99 11 32 21 35 54 92 5 20 87 88 77 37 47 7 83 39 74 66 57 71 24 3 55 29 26 14 80 96 16 4 91 69 13 28 62 64 76 34 50 2 89 61 9 53 42 98 67 78 95 73 81 10 75 56 31 27 58 86 65 0 12


Problem 10
Length: 23267.3
Vector_Things: 43 81 46 47 98 19 38 39 66 60 83 30 87 15 57 1 95 18 64 40 3 12 65 45 29 25 10 23 72 91 71 7 78 85 16 24 56 21 6 80 27 48 94 82 17 63 14 35 34 67 31 96 61 77 5 44 70 74 69 58 59 75 36 4 41 97 51 79 49 68 86 0 84 11 9 42 20 53 93 2 54 52 32 89 55 8 13 26 92 88 22 33 90 73 76 37 28 62 50 99

Length: 22039.3
Vector_Things: 61 96 69 74 31 67 55 89 32 52 8 34 45 35 14 63 17 82 94 48 27 80 6 21 29 25 95 10 23 56 24 16 85 78 7 71 91 72 60 66 39 38 19 98 47 46 81 43 99 50 83 87 15 57 1 30 76 73 37 62 28 90 33 18 64 22 88 40 3 12 65 13 26 92 20 53 42 93 9 2 54 11 84 79 49 0 86 68 51 97 41 36 75 4 58 59 44 5 70 77


Problem 11
Length: 23397.7
Vector_Things: 9 59 58 80 6 29 46 14 57 54 91 97 39 79 15 42 62 24 90 36 16 76 41 31 53 51 60 45 34 19 55 83 86 26 2 27 49 78 73 67 43 68 35 92 4 40 88 71 82 87 17 21 93 1 63 10 20 38 30 65 22 28 75 95 52 96 18 32 50 23 70 56 25 61 0 47 8 44 85 77 72 13 7 81 12 37 84 89 94 74 3 48 66 33 11 5 64 69 98 99

Length: 22295.4
Vector_Things: 61 81 7 13 11 98 5 69 64 72 77 85 44 8 47 0 18 70 56 23 50 32 96 52 95 75 28 65 22 10 20 30 38 63 1 93 21 17 87 82 71 88 92 35 68 43 67 73 78 49 27 2 83 86 26 34 45 60 51 53 31 16 76 36 90 24 41 19 55 4 40 42 62 58 80 15 79 39 97 91 54 57 14 6 29 59 9 99 46 74 3 94 48 66 33 89 37 84 12 25


Problem 12
Length: 8609.63
Vector_Things: 41 76 5 68 86 77 42 26 8 44 55 28 2 48 96 6 85 1 49 93 94 65 43 47 15 25 7 37 80 33 38 51 72 84 78 45 88 4 89 92 74 73 91 56 83 90 10 60 54 71 79 97 29 30 14 32 0 39 40 13 62 16 46 35 12 64 50 9 57 18 17 20 67 11 36 70 98 24 31 34 63 61 81 53 52 59 82 27 69 23 75 58 66 21 19 87 3 22 95 99

Length: 8118.22
Vector_Things: 86 77 42 26 8 44 55 28 48 2 43 47 15 25 7 38 51 72 33 37 80 65 94 93 84 78 49 88 45 4 89 92 74 73 91 56 83 90 71 54 10 60 1 6 96 85 13 40 30 79 97 29 14 39 0 32 17 20 57 18 9 50 67 11 36 63 61 34 31 24 70 98 35 64 12 46 16 62 52 53 81 58 75 23 69 27 82 59 76 41 66 21 19 87 3 22 95 99 5 68


Problem 13
Length: 679.919
Vector_Things: 83 30 59 0 70 15 14 20 85 84 27 28 53 26 25 17 29 79 74 3 62 76 90 7 52 71 54 4 75 89 16 73 5 24 21 22 23 72 91 6 65 93 92 36 46 41 87 47 34 49 40 94 64 88 35 66 10 55 9 33 67 95 96 58 32 68 38 56 45 48 42 8 44 43 63 2 50 78 77 1 37 81 60 11 61 69 57 31 98 97 86 99 13 12 39 82 80 19 18 51 100

Length: 669.751
Vector_Things: 80 19 51 18 81 37 57 31 58 95 67 33 55 42 47 87 49 40 34 10 66 35 88 94 64 93 65 6 92 36 46 41 8 48 45 44 63 43 56 38 9 32 68 1 77 50 2 78 76 90 7 52 22 71 21 23 72 91 24 73 16 89 5 54 75 4 3 74 79 17 29 62 25 100 26 53 28 83 0 59 30 27 84 85 20 14 15 70 82 39 12 13 99 86 96 97 98 69 61 11 60


Problem 14
Length: 14967
Vector_Things: 0 5 4 1 2 3 6 52 9 10 11 19 24 26 14 15 18 25 29 30 32 31 33 27 23 20 16 17 21 22 28 37 36 40 38 39 43 44 48 49 45 46 47 42 41 35 34 13 12 8 7 91 90 87 86 66 65 56 57 61 60 55 53 54 58 59 62 63 67 64 72 75 80 50 73 74 81 82 83 84 85 79 76 71 68 69 70 77 78 89 88 51 92 101 97 100 102 103 99 96 93 94 95 98 104

Length: 14420.1
Vector_Things: 34 35 41 42 47 46 45 37 36 40 49 48 44 43 39 38 32 31 30 29 25 18 15 14 11 19 24 26 33 27 23 20 28 22 21 16 17 10 9 52 6 3 2 102 100 97 101 92 51 96 99 103 1 4 5 0 104 98 95 93 94 89 88 78 77 70 69 68 71 76 79 85 84 83 82 81 74 73 50 80 75 72 64 67 63 62 59 58 54 53 55 60 61 57 56 65 66 86 87 90 91 7 8 12 13


Problem 15
Length: 47707.7
Vector_Things: 103 1 52 53 51 50 2 47 48 49 46 45 42 43 44 41 40 3 4 37 38 39 36 35 5 30 32 33 34 31 29 28 27 25 26 24 21 23 22 20 17 18 15 14 11 13 12 10 9 16 19 8 7 6 55 54 57 56 59 58 60 62 63 61 64 65 66 69 68 67 70 71 72 75 74 73 76 77 78 81 80 79 82 83 84 87 86 85 88 89 90 93 92 95 91 94 97 100 101 96 98 99 102 105 104 0 106

Length: 44592.6
Vector_Things: 100 101 96 98 99 102 105 104 0 106 103 1 52 53 51 50 2 47 45 48 49 46 42 3 40 43 44 41 39 36 38 37 4 35 5 32 30 33 34 31 29 26 28 27 6 25 7 22 20 23 24 21 19 8 16 17 18 15 14 11 13 10 12 9 55 54 57 56 59 58 60 62 63 61 64 65 66 69 68 71 67 70 73 76 77 74 72 75 78 81 80 83 79 82 85 88 89 86 84 87 90 93 92 95 91 94 97


Problem 16
Length: 63232.9
Vector_Things: 120 122 121 119 118 117 116 98 99 85 86 87 96 97 94 95 91 92 93 90 89 88 68 67 66 65 64 63 62 69 83 84 100 101 102 103 104 105 106 82 81 80 79 78 77 70 71 72 73 74 75 76 112 111 110 109 108 107 113 114 115 22 23 24 25 26 41 42 43 44 45 46 47 48 49 50 51 40 39 27 28 38 52 53 54 55 56 57 58 59 60 61 37 36 35 34 33 32 31 30 29 17 16 15 14 13 12 11 10 9 8 7 6 5 1 0 18 19 21 20 4 2 3 123

Length: 59030.7
Vector_Things: 22 28 38 52 53 54 55 56 57 58 59 60 61 37 36 35 34 33 32 31 30 29 17 16 15 14 13 12 11 10 9 8 7 6 5 1 0 18 19 21 20 4 2 3 123 94 95 91 92 93 67 66 65 64 63 62 69 68 88 89 90 96 97 120 122 121 119 118 117 116 98 99 87 85 86 83 84 100 101 82 81 102 103 104 105 115 106 80 79 78 77 70 71 72 73 74 75 76 112 111 110 109 108 107 113 114 25 26 41 42 43 44 45 46 47 48 49 50 51 40 39 27 24 23


Problem 17
Length: 124205
Vector_Things: 38 37 19 18 62 17 20 53 14 16 15 13 12 11 5 6 7 4 10 9 3 8 71 72 74 50 70 41 78 42 69 44 67 87 86 82 81 84 80 85 83 75 77 79 64 65 76 56 66 26 52 123 122 125 124 27 121 0 49 36 73 51 113 114 57 68 115 60 119 120 117 108 39 107 98 100 99 104 106 103 105 101 102 97 93 94 90 89 88 96 58 91 92 95 34 33 59 31 29 63 43 47 48 30 109 54 111 116 112 110 118 2 1 35 28 25 61 40 46 21 22 23 24 45 32 55 126

Length: 119460
Vector_Things: 10 9 3 71 86 87 72 74 50 69 42 78 44 83 80 84 85 67 82 8 81 13 15 16 90 94 75 77 104 93 106 97 105 102 101 89 88 96 58 91 92 95 34 33 59 31 29 63 43 47 48 30 109 111 54 112 116 110 118 2 60 115 68 119 57 113 65 114 120 117 108 39 107 103 98 99 100 79 64 41 70 56 76 51 73 66 26 52 123 122 125 124 27 36 121 0 49 1 35 28 25 61 40 46 21 22 23 24 45 32 55 126 38 37 19 18 62 17 20 53 14 12 11 5 6 7 4


Problem 18
Length: 99989
Vector_Things: 0 12 21 11 10 20 13 1 9 8 19 25 24 32 23 22 33 34 46 55 64 56 57 45 44 35 47 54 65 58 59 43 42 53 52 66 60 61 67 62 63 50 38 39 37 49 51 40 41 48 36 31 26 27 30 28 29 16 4 5 3 15 17 6 7 18 14 2 133 121 117 109 108 128 129 118 120 132 130 131 119 106 107 105 94 95 98 96 97 85 72 73 68 84 86 74 75 69 83 87 99 104 116 110 127 126 134 122 115 111 103 100 88 81 92 93 82 76 77 70 78 91 90 79 71 80 89 101 102 113 112 125 124 114 123 135

Length: 99141
Vector_Things: 0 12 21 11 10 20 13 1 9 8 19 25 24 32 23 22 33 34 46 55 64 56 57 45 44 35 47 54 65 58 59 43 42 53 52 66 60 61 67 62 63 50 38 39 37 49 51 40 41 48 36 31 26 27 30 28 29 16 4 5 3 15 17 6 7 18 14 2 133 128 129 109 108 118 120 132 130 131 119 106 107 105 98 96 97 85 72 73 68 84 86 95 94 74 75 69 83 87 99 104 117 121 116 110 127 126 134 122 115 111 103 100 92 93 82 76 77 70 78 81 88 91 90 79 71 80 89 101 102 113 112 125 124 114 123 135


Problem 19
Length: 58810.9
Vector_Things: 142 116 115 114 113 112 89 88 87 86 85 84 83 82 81 80 78 79 90 91 92 111 110 109 108 94 93 77 76 75 74 72 73 99 100 98 97 96 95 107 106 101 105 104 103 102 120 121 122 123 124 125 126 127 128 129 117 118 119 130 131 6 7 8 9 10 11 12 13 32 31 33 34 35 36 37 38 39 40 41 71 70 69 68 67 66 65 64 63 62 61 60 59 58 42 57 56 55 54 53 52 51 50 49 48 47 46 45 44 43 19 18 0 1 2 3 4 5 16 17 21 20 22 23 24 25 26 27 28 29 30 15 14 132 133 134 135 136 137 138 139 140 141 143

Length: 58535.2
Vector_Things: 105 101 106 107 95 96 97 98 100 99 73 72 74 75 76 77 93 94 108 109 110 111 92 112 113 86 87 88 89 91 90 79 78 80 81 82 83 84 85 114 115 116 142 143 141 140 139 138 137 136 135 134 133 132 14 15 30 29 28 27 26 23 22 20 21 24 25 17 16 5 4 3 2 1 0 18 19 43 44 45 46 47 48 49 50 51 52 53 54 55 56 57 42 58 59 60 61 62 63 64 65 66 67 68 69 70 71 41 40 39 38 37 34 33 31 32 35 36 13 12 11 10 9 8 7 6 131 130 119 118 117 129 128 127 126 125 124 123 122 121 120 102 103 104


Problem 20
Length: 28663.6
Vector_Things: 93 78 42 48 100 53 139 140 144 96 18 90 12 127 58 30 3 61 92 98 112 28 35 26 23 110 8 84 14 123 80 37 146 95 148 51 133 65 91 89 85 106 33 119 15 22 97 34 1 134 136 74 109 10 101 94 86 73 129 7 108 44 39 47 120 103 77 117 52 60 88 145 115 24 122 56 36 31 104 45 25 20 2 126 79 111 71 27 70 107 0 87 19 50 6 40 113 9 59 64 41 83 81 131 69 11 125 49 99 5 143 147 142 124 118 38 76 68 138 114 128 62 13 57 72 66 29 141 32 135 132 102 17 55 121 137 75 54 16 82 116 46 105 4 63 130 67 43 21 149

Length: 27253.3
Vector_Things: 46 63 130 67 21 43 42 48 100 53 139 78 140 144 96 18 90 12 58 127 93 149 80 123 14 30 3 61 92 98 112 28 35 26 23 110 8 84 146 95 148 51 133 65 91 89 85 106 33 119 15 22 97 34 1 134 136 74 109 10 101 94 86 73 44 39 47 117 52 60 115 145 24 122 88 77 120 103 56 36 31 104 45 25 113 71 20 2 126 79 111 27 70 107 0 87 19 50 6 40 124 147 142 9 64 59 108 7 129 41 83 81 131 69 11 49 125 135 99 5 143 38 118 76 68 138 114 128 62 57 72 66 29 141 32 132 102 17 55 121 37 137 75 54 16 82 116 13 105 4
